3200
3189058
10105477
11636696
16019013
8903395
8697072
2530355
2872288
7550874
6012705
942854
16346918
11794306
14435100
18207682
3148996
18999839
15968365
19647318
13359726
3642278
18550670
6521088
19609347
15261031
2251801
4530874
14049326
778356
8743749
8416856
16920113
7849404
10666348
1418007
17257796
19314762
14394093
8354101
18422304
3421795
2852097
16363979
9541017
6913431
778170
18375682
11754711
11124492
17329172
2464417
6348490
14208004
2949850
8878172
5748956
1064279
370299
1260311
19701453
2377168
18662946
13024322
12720676
10514879
1736456
3149655
19646042
12864138
11343031
19430305
12295233
19105672
4479405
14267222
744649
7897312
12730434
12045639
14011318
5829470
15183132
7914369
16158048
19030329
15966109
711970
8265482
19640452
18650018
166006
1869965
779561
863468
15783413
19078692
18459546
7448093
13397316
7114683
764076
9104305
4843424
16191596
6573468
6532326
12811016
3816397
14225437
13134085
7602050
20118716
13651389
12383740
19193184
19701809
9234485
8785878
13455330
19609896
19678436
19808834
19672349
19242715
4772459
13798822
7437746
1834738
14179077
6304307
13951136
18134475
9832827
4333942
258686
12308201
2488054
16703066
1149915
17919596
4415695
1213991
920614
690729
19468942
8520693
10802895
16283670
13244576
10799930
3239289
14974569
16188595
14375153
20045698
18390313
6330754
5851274
16190902
6881466
14978790
5697517
7091149
14544439
11965862
4861264
1852572
13486759
14259541
18752107
4264538
7489022
18153583
17717092
568612
11562828
3036231
12770947
14053285
14559352
3352907
3209980
7470216
12981333
4536152
13766584
3298013
6837529
14229403
16253413
6444586
11410068
18030997
19028408
15789194
13887370
18865270
4019156
11006134
14993476
15652623
5986982
3508709
9157483
14461185
9001334
15607412
16691826
6868749
3748829
6454268
16510730
17745026
6372781
17033967
17543726
736098
17820607
5093102
5801207
16042478
36689
19594093
870727
105416
2022920
11816790
15801639
19252788
17537046
8892174
8808863
8592122
18251016
17952642
891779
4333699
5823303
11567846
19147939
4299454
7539648
3672455
7485997
5944755
3177630
8473631
19884330
17930725
13899494
6204578
14421101
13843543
13100861
4558483
15506057
9572219
891117
10543382
18180859
833489
15069131
7807964
3559261
14001131
11878579
13151617
10060306
301397
5049173
13392933
1243204
19833300
12322120
1455378
713944
1461012
19334922
11548600
4987738
5260386
2856299
13417863
20004129
13693079
12442654
16837688
164203
3121207
10524321
883354
9091499
17307092
11267674
15298575
9010278
761424
6909460
13306254
10882562
6930966
13384418
18148152
11811927
17491067
7506539
13024526
19186840
4874958
7720605
16294939
3502553
10264296
20115848
6643211
10430715
17239330
7018305
4350181
14009857
16215528
7268171
4249747
4757813
5695523
16913056
821265
11503509
2380411
2692428
5219121
1085234
1753131
2814372
7647530
244235
16380818
2643413
19165421
9613130
6705598
19633471
2952990
3146105
3945316
18938927
18170972
856352
18029854
13753375
9831470
5060481
9418028
10384070
17896922
13031594
18375598
10101013
8402207
20128977
1219009
19992991
9968588
20012615
6640639
16829153
7065580
14379777
2109795
17468430
6473990
8071687
11795912
17936889
17137052
13270031
12167996
4864116
2870320
13576340
409618
17712115
13745781
16241244
18669496
13614812
19766824
14962581
17944302
16073589
15693975
999977
18188856
19746804
18850589
9826081
17705730
78366
10644570
4719848
8613361
1538918
7557641
18635913
1109582
13746257
3502314
13742624
15311004
15981599
7280322
13946033
16048773
14010862
16814382
1438226
19760462
15924565
3467587
9735957
11943846
9709808
1685303
10323720
18864761
3731319
8829443
16585419
1885388
4639179
18962326
6251666
6956006
18112626
5333807
10052408
18851309
809503
5283560
12444323
10092713
3299587
7698642
18192913
6519713
15760278
17915288
19150084
19574765
11900055
14050989
7056689
2913652
18432088
1377134
5634605
2727516
15430337
19766251
14546812
10752537
19387603
10102011
5855870
12271585
13972662
13549279
1834172
3432674
14509980
13956888
5719236
6617008
12733218
17888237
8840959
14414213
20092560
19805748
18851203
6686415
9343186
7035094
15036870
10244467
19325562
19259804
16280697
17699681
8110333
4098085
18895654
13237765
960979
16541637
9432549
5526210
886746
16429385
10130199
12698900
10065101
322511
7828204
19812493
15849683
3638852
5409060
17029257
19213050
18547380
15442858
14656596
17554298
19998262
14808561
506938
18084214
16160189
19005305
2584265
1270751
16624675
12755754
14167519
15639738
16698710
6442711
2555159
12124863
3428726
10012329
14138031
16475935
6143051
7509362
5913385
18218546
19760267
1999182
18833716
13007468
19246021
728590
18785464
9400384
1261519
12162569
19802734
8285367
10188121
2268845
16299481
1663154
19600070
4828377
7749818
15464159
14446723
16293645
18393805
16472004
17447686
7080101
4731162
14023004
19307203
5695449
9120303
12901088
2222472
426008
6525130
14138032
4469182
954501
7034018
16331736
10086573
15734953
16990618
14798530
11585636
17198901
4562960
177540
8033789
15065234
2653189
3499823
1270056
11922333
13594307
5879750
15066701
16912472
18804988
274172
918239
14372404
2905401
17943811
6165513
2262357
8647041
18784923
4886919
5043745
4736182
1803915
4351166
14454697
16036654
16851533
1973922
11969134
13480162
7882013
17329049
327253
18873269
16362585
2618219
9064931
440512
13154154
8136227
61167
16084139
6109358
918912
8670413
19591481
14312473
173072
7507661
17597747
3826176
13113422
15237361
6518420
18628292
5644758
17937783
5005616
12219168
10057232
2624162
12989356
14266539
14851116
8231569
550563
1046354
6753608
3451559
17668120
9403477
8911679
8914494
7610545
11282069
8486894
10908616
18073864
3344643
19529350
14350747
9605509
2071441
7356453
12034787
11567250
16603352
19302464
15114807
6853271
647530
16702706
54626
17345953
3525365
9358884
2417579
953314
12993302
6699004
11259934
14891517
19398935
8184397
16273684
13926054
4595936
6970965
1562474
19696407
2975546
19471773
4628749
2169835
6300353
14313578
18073345
12319042
12623507
27288
17701535
13730399
15246605
5246644
1065782
13893101
8916218
6559595
15521443
13547771
1278554
2249091
15392141
18785110
18212415
19261085
4442949
20734
17157496
9505939
10177415
16553171
151935
9145202
16651519
2038307
17874133
13317688
13848111
18307253
16401341
11187722
10104777
1849726
1099811
1372421
18076816
19448665
481306
19604571
17121543
11549449
1632416
768949
20041808
260618
16877261
6197405
15780331
3759305
7001010
9388859
13114257
17298549
13434860
5902046
6513859
15718042
4847312
1179676
7788028
19584290
8066076
17448937
18662438
3413928
9423448
2095291
12737719
20052666
6721082
16551793
11497178
17584949
4342207
11521338
18697245
8838465
2615148
1973889
9537323
17578723
2361323
5442470
6069980
11138549
11651170
13970315
4500794
7797924
4708282
16241875
4973468
18193354
9615576
10754987
4382684
8473480
18654075
4205816
6667913
16616416
16361254
954588
6438212
218224
19587236
15422083
4019119
2613562
1989903
14555440
19631784
19554491
5427534
15111537
5529647
17411046
6021575
2845496
16594573
13826575
1360791
9792286
18645174
10665785
10163586
14907047
7493452
8495295
14173353
18832404
11935733
19696811
8388388
14713983
139129
8315370
697362
17126258
15629418
7544696
4573897
3569212
19907932
2722888
2443638
13231961
3391146
17506561
7197809
14863918
18713452
9385790
6364117
18027461
7344565
2389329
6817378
12118025
1907058
18040136
3288765
6166669
16389592
20033398
3704111
11120531
9415000
3574546
6684058
2917698
10883083
19899950
14450352
14112494
13548347
15127639
13714382
6315126
3031696
16448613
19674627
4934946
13600717
5065061
11787240
7154110
13142455
4627938
4405985
5203163
15278272
18464646
5239782
4588354
8084550
919649
19094599
12313735
1228080
10697127
9994799
15216124
17955339
1062879
1489303
3606655
7577629
18223539
4766468
14034614
16841355
4445390
17583036
71719
15894357
266753
637504
3004893
20066119
15492502
3823576
1931855
17257339
14951911
2301005
19620232
12868996
17681470
13974205
13224838
5256251
3493833
19586961
916330
17764327
3473778
13037342
18929652
12955402
17275383
13347927
2404385
13609674
18054079
13893853
19830738
11950145
13573790
12453456
18652978
1708262
4643424
12179792
1870628
7325230
2721778
19774346
2726092
16664147
6915467
6391286
642950
7057781
9227902
17158154
18599321
16905683
15606833
15558450
15389627
2701040
1310986
12736174
8435067
19175513
14850248
10527486
13018248
2773360
18732061
19603624
17534358
15508122
19132312
13201228
18642796
19426813
14785316
16847901
8824195
19035560
11835115
14659397
9983910
1601776
11228512
15858747
15827516
15269530
7590664
12904061
19210586
19224391
18559923
19642492
6474859
13364832
13875736
16230057
12701139
16371747
6375947
17875174
8591160
13875981
14350940
19345569
12862172
18747754
4755325
19891551
7511266
18399964
461131
18656647
7197915
19064418
4194443
14595160
18155639
8703319
19238810
4414778
7177013
13012486
1029350
17668540
1020307
17978294
7315164
2182899
2000472
4851720
13297308
12083016
7045289
8339404
16880424
17318955
13497305
2128793
1298565
2803690
4260613
9078578
18710021
19386545
11878606
6371504
19235727
9984814
6787310
14843492
748656
19736961
1982811
3604145
18811538
18045111
13640213
9952370
9117004
15377806
1081304
1750259
847223
18621982
8588612
19328118
13540496
9789157
14931669
9264814
19180028
15741154
12300600
1227669
1824166
5257006
15995772
4973339
15193045
18443586
13796951
6080996
11384719
15203803
16777464
19321846
14327583
9600357
4518242
16074668
2668179
8946220
18307197
15432776
16991168
15837704
19714229
18391580
7697256
10095746
13217241
13603516
18107141
11206039
19354002
15337585
16317511
6905239
3483243
19563414
7003514
18692440
7572418
7336726
7021934
72965
12521928
13139462
1233995
5687242
5039670
17098339
7173379
11789298
6907485
14604362
20051928
1100255
14968436
18668347
17284471
5191938
19580377
860095
17524441
10654235
13291754
18410452
13078211
4700897
19112252
13367393
17117631
1012659
3088741
18222686
110921
7969066
4859418
17241777
2568391
2955575
3144817
19785655
1263277
1470398
12830139
605371
19800814
17703738
7156258
12089035
17121108
6962357
16372650
8199800
19996515
10534791
1299884
15941488
19611667
9195245
18586582
12747434
6742781
19888647
18994774
1905865
8305649
15763435
16780720
9089727
13428385
2559675
9207023
5826700
906582
11685486
12667131
6636968
13823785
10339057
11339990
16626294
9407378
9470492
18599365
2152592
8269659
19083269
13887392
50677
3269353
17002228
15359314
10914578
8322417
16797910
11331744
6415789
7321004
10920083
12702805
12054723
7003543
19360823
18994394
13476764
16804910
16154652
9613176
636702
9222489
1399803
5697634
19888530
14777164
10222091
5126672
14072708
12666439
14755372
2444975
15509701
16484417
15668529
17632790
16483144
13246115
12699637
19640613
2433591
8123753
13233881
21293
17921544
19991848
16258784
19187425
15069171
3195179
397911
19688028
8851179
19586545
17961682
4260964
14827223
12754860
10398809
10563928
669640
3697432
6965529
17856364
18290139
18928565
7775128
19161590
16224523
16737638
16937760
19836944
18320243
14253280
1042371
19764767
4867654
8855893
13291945
9818336
18059656
7849104
15970318
13718554
5530885
10100487
8681489
12207947
13772987
312028
2245964
4203524
11507347
13108213
13518845
9875899
17890753
19600307
6946520
9407912
17872800
16554737
16351299
18515462
9658207
15934036
10499508
3692566
19364847
16080035
1731270
711090
9981354
9083215
14485007
7349064
8285138
7320353
19923504
6805817
7545355
1542906
17521506
9924665
18066945
9192987
11787040
8807022
15579358
13451209
18458053
11234019
1179107
9796155
407579
15510770
7003570
12684620
13838694
5162580
11898007
15548347
10069964
7848607
17808965
16235441
8262502
13596444
2986015
6023154
15239536
3663798
4617736
13333241
2271158
7591443
15618543
17102701
17708743
12315833
18908966
3239487
19656249
4442450
8860434
15917098
3825145
19127364
15487716
9953184
209310
4127402
10216173
3139489
6244447
12038569
6274612
15631227
10497746
15747853
5174800
3183298
13992374
14289600
17208803
15484150
1629781
19746467
17420295
6431339
19617178
18822775
14979631
11845713
13108310
13591023
13404295
14240504
4821273
12107055
942413
7259430
13370148
19098404
14646562
19491153
18686508
11901922
13034894
16338
8128539
14344766
17730390
12872981
5472932
31994
4569903
10003667
2226445
4839070
17728406
10993464
11084417
7126996
19503950
354857
5209572
18960127
9515996
1262594
18525521
19050687
7616929
19360213
15346404
12560629
17253082
15098786
10697639
15736953
14827512
2696766
6213845
7601108
4492885
9315797
17584666
9060458
14306688
17324176
7403108
11253937
16390636
6832163
14096170
5674960
808809
3238605
2239904
8444077
9833953
8298832
11321713
5491149
7795503
17584204
7832138
5943622
9346116
13063056
1449263
252076
2116316
990367
14004460
13228147
15615879
2296647
3215355
6510944
12808577
18695685
19073200
18706821
6331306
16981028
17938886
12398099
16056317
15665416
19483607
16929680
16718860
19684653
20010869
4173278
11083755
7070947
11161938
14330284
16243197
702578
1180981
7678730
9126695
4547302
4490787
4715740
18487746
183876
6314568
19659824
2115611
11135107
13545656
16078743
19685110
7501668
3641359
18565752
171658
2308270
8216118
7608983
9026437
18211576
18518970
2354381
15186316
13968534
9984113
905766
14914022
7435223
989228
19640140
5676695
11652262
11249544
9082756
772319
5047573
12750923
13682056
19400103
13875671
9987051
3099680
5489103
16998702
16103729
7083264
19569728
16627586
10015973
9876040
13670100
15189657
19959824
17253646
19405317
13063360
2793503
1027568
708174
14076971
8077721
925113
16140001
8683033
12169118
11176732
19017409
4496189
2937859
2924978
12164374
14143250
4909217
3623296
18463609
8515458
6807036
11632416
19947553
7466005
16343363
9035974
7223563
13569397
16504791
2777719
7156660
17901838
9795890
17654097
15140583
16351193
3068109
5391313
19674452
6319783
6676237
19044988
19786956
14067812
13873087
3402482
13876770
19961947
18648719
13088365
19556251
19021704
10006304
13196410
13600241
6545163
14838031
4780733
19993221
1984816
8139311
13222801
13342579
4416532
2640290
8932010
13784021
16676223
18790445
19399803
18208886
20120516
16159815
2621158
5716336
19075000
10117997
17847040
2461673
19050423
6906021
19928707
2591876
17978057
8620134
15819596
19332671
13608399
13824180
13812391
15597365
14573810
4225774
3621388
9836642
4097847
18525303
2974834
19462899
13955012
14779590
3540833
671133
12598046
4509568
18030594
12357859
5647765
19515575
7346947
18819288
7191956
3782667
4657875
17140421
6894828
132533
3131691
13328166
11005261
16122684
10630048
14830125
14586243
9342816
6680925
17250685
19742286
13105381
1943408
18744175
17148473
721473
18858628
7020266
10564032
9495907
16047202
14759888
17477830
140237
18130365
9880872
6072174
2500113
457555
10874403
17975871
8411576
6740914
13355577
828130
4151780
1852962
15521722
1021264
12960358
12204309
17242174
11035450
6574138
19995314
17323935
7581150
12371004
6605998
16268042
19347079
2575514
5836026
18041862
14517868
2210704
15359091
8052159
894063
507393
13957559
9679058
19463686
19636592
19320025
7916692
7553182
18500221
19180983
19723699
17555490
11050453
14951904
11957825
16305078
9964144
13518827
19339061
5110175
1846821
18017499
15552862
8529957
11744905
5589914
19330632
13207896
5484107
1211637
11215000
2748478
9083494
14150184
16377135
16141277
8388790
17282238
701878
14393915
11669426
15846615
13770853
18100485
14949281
9836960
16835438
19214233
7342812
8182658
1341743
640589
16147937
7654931
16793521
5724355
4784498
12163751
13761499
5521899
3916030
14064783
17649499
4456555
1804260
5523769
7003507
17234362
15286228
17585869
15082387
14367644
3548565
12247667
6086184
19325619
15113254
12077268
16349901
4077325
13914512
8498323
12752147
19647194
11722472
12866814
3277238
1128681
5977676
12846229
3818298
18588525
18733953
7807429
2386030
9045469
13505257
7944610
19451512
16915184
15374336
992636
10454828
19294859
9369699
12643966
1067816
740902
424413
3626446
4839587
19117185
18328493
7873893
858750
11841264
7913569
10489498
2384533
13755225
7900722
2044570
19383275
15189969
19364881
18121473
6620777
12421364
13591017
12970855
15657290
16821594
6904589
16255259
4678585
13059328
14320655
14010390
16147741
2531518
15898947
6808818
2491640
12915928
9342484
17638756
8494642
12910999
8738113
18761556
17461341
15820271
12302170
18763021
16468534
16729463
19542355
2722983
16166977
19582605
1268175
13652959
18688236
6416714
1420677
13737759
9750697
19169508
16424735
14615322
17455333
2371860
19638200
4201946
1578996
17728835
5946053
11042233
9295093
863400
7353963
13493078
14161015
13024009
18146041
19617271
1165691
8072371
7279081
16688641
4169819
16674914
2862348
12028699
7047422
18573202
6672293
14258572
6724682
15142297
15953660
7398970
16118548
15265561
18089676
8453575
5865563
17602028
19684555
8134202
744534
6678707
12986615
20853
19228313
13490171
2957425
4879911
15770403
1887489
1232606
14565782
18788839
1141101
8401620
3268513
18524003
97992
3465953
16053150
4518306
19667588
16785777
5183641
13140622
12033968
4283666
16937229
9477096
9965560
14014730
3614621
15439189
17137777
17323159
17093548
8935657
16453160
19592329
6691560
19259167
4262589
18385618
10155194
7631369
12719007
19672857
7790564
18748671
19117938
16021853
4572267
2768650
6446516
14064453
6641809
18956787
11714457
17179484
7232935
15888295
15541987
19027443
4000571
7144861
6024790
13165246
7858023
14060431
5563973
9956659
6880197
8390122
16801392
7461640
3395873
8719788
9364817
763956
7465081
19763012
16291141
15703923
10104806
15985264
16976703
12635872
1300356
15784165
19307617
13543636
18105856
16321298
10974882
11030591
18171688
18794243
1181177
19556174
18253074
13693593
18350984
13972410
2988020
18501455
2557162
16236454
8408768
17341341
5952099
432812
18448556
13278453
2524947
16746973
18532837
7156821
19804577
19571612
6451855
17741347
10876807
10823662
4957973
12914749
7159253
18792121
19528668
18629561
2574605
17293967
18461891
192162
4140736
11165545
2164972
18086272
15097685
12149019
11672539
2276118
5667942
13200049
453823
3094769
2904336
12541712
8075002
6425197
12334772
4964089
693367
13323196
9562967
19385270
19584092
15852657
15815306
8852914
5799757
19383934
2447183
2974877
16362858
12789198
12217866
8482210
1916925
10134546
350571
16794024
4964380
9849921
692021
1802812
18227004
7586315
14485276
15034426
19472799
11825152
17512091
6378388
15593741
14550279
6571730
19154527
14493754
6300000
3914668
18566371
3329391
19209322
20083728
8411390
5066502
19442560
16052811
10526335
63299
4665702
5522518
14464217
10023629
3550759
7831223
2961816
19955472
4692369
15359350
6504787
726692
15542146
17135736
17406015
13523692
2326252
9747059
10470738
17182620
955943
19193737
3978017
19717134
12204458
19245427
1325811
13957850
19184576
5745083
10390252
17976539
4809402
9690679
10133195
16780398
17297
5348330
7550275
4666455
5726161
9490080
19637627
11069190
11134966
15568596
19565890
13155196
13833417
16413757
3399188
4740408
830606
17039495
3066176
18547804
13102899
19599844
10508503
7882825
2480857
17502746
19691219
13267129
18338112
6673638
16746930
13853285
13020187
19111274
15415208
288351
12712515
15978735
19844860
870246
9904570
13144615
3516367
12209291
3476421
12995850
13764238
4020619
9436311
7820916
16625899
6662511
8650318
19852069
19637044
16867729
19575897
11595640
9324714
6983296
6137204
8299030
14501861
15541297
14498703
16449771
14242644
16555921
9693821
14446171
8731645
15771054
6702097
14253041
8696230
15591141
16450659
11872337
13407328
16097822
13594190
19811196
10400179
17682843
3767267
19484965
2087524
11998860
10820002
1356652
5588655
13280112
9342619
19036647
1910058
9716234
667148
1804532
1813901
18863936
15936167
6371191
19973469
8804307
18481012
13926463
13334094
3733917
15756355
10497886
16421937
20134541
13922394
4585979
3850577
19260623
11296590
16908058
6300424
3182851
19112555
2736473
1074594
17365680
8950085
149777
18954640
17701039
18670894
9306301
946194
17486880
18727310
7492235
4125300
522392
4206844
1871186
2742289
979327
4244528
14024262
12660497
4906890
2669999
19961150
10028272
12606347
12196054
4165498
6673630
7715342
7452244
20012727
16269689
9339211
1474135
18221952
19381146
7078780
3139918
9092024
17528042
18913593
18449426
7824497
4585485
18072847
2623657
17419925
7178311
9703643
5965940
19867528
5423620
848707
3573390
16740732
6195564
3729469
15325891
11229820
466078
14677093
16616942
5954532
10100786
9301272
19741996
11587283
17568681
5852406
1156374
13524894
13230310
13990926
17549679
17585540
10244873
8111321
13946304
13403308
19940870
12485862
2395068
10777356
1985901
19940260
3520211
5709558
19580108
1982419
15216488
11502119
4690677
765569
1029426
6273185
12065259
10877116
6858336
19062754
6848145
15853896
19142273
489924
609559
3396287
19257864
12067652
797703
7167989
14554847
3390232
18247865
18736267
7676721
9219569
5149985
16861331
15106207
12930944
16791784
16196907
19488017
10377110
15863963
8008406
3651257
18771633
13951333
16240831
19588828
4103623
8907542
12953234
18704910
17928460
7525950
15863434
16338873
3026623
18489380
1883111
10011401
3386696
19381237
16467260
2621222
8437133
3790238
17588318
7745848
1940780
6145557
3272778
9150626
19206558
1877255
17108013
7824983
18580548
13976794
1374753
17751226
2402153
17840402
13949285
16734938
4557009
3559695
6660748
2763322
16975225
16444922
14403279
14916849
10984414
19818637
1654551
7094462
18550332
19513997
11076434
2063737
13074447
17029897
287421
783533
757193
19327623
18090316
17828023
19034762
14802377
25765
20082750
1939570
13458057
13126457
7144115
16049113
18119413
79782
176000
3450538
19563997
19369882
7081601
5595698
6883406
13245209
5148566
7090674
19757138
4344324
3596549
4400176
706085
8164540
60165
12239781
16922368
3740914
1151582
56662
14895316
7019122
3398914
17190334
17431525
16014810
17684443
2751857
15755990
14157750
8974316
13213741
4823105
3184493
7807792
19436873
4679276
6859352
13492449
18923974
1025001
738180
6139173
968921
13440662
19511706
8864859
9922414
4274835
17381612
12530893
2019927
19111120
2646746
3367326
5139996
8190077
18083182
18224319
11591798
3661905
6167768
9521132
16460804
19472560
16614232
14195524
12761222
19900144
9272891
9645073
18177024
7479905
17106405
15633335
7303647
15530531
8721414
11396196
873377
11655076
15925992
2828062
9914529
1655884
12313572
8112988
18890521
18090631
17115654
16544737
18180377
19760103
11827037
13289834
1357372
3693342
17457534
6325085
7374722
17761612
10212686
287417
18939465
864381
15827538
641439
7503589
17420832
19052991
14003441
6852621
17309336
1431124
7084843
17529793
5228280
18624105
17302285
11101927
16013708
19302351
13719682
19814789
14925244
5409372
11669702
19818248
7649123
18967366
1031476
253828
1880537
16432911
19186706
8795857
17070972
16251273
16344522
15305958
2610766
20006098
18780580
4714522
731574
18157220
9222934
7013357
1975475
18850109
18526310
19553569
306919
6450254
19456663
12594572
6370012
12988898
16629543
3708154
11676303
5879017
2828288
8369401
12894998
12134113
17581317
17259270
15488182
19620516
11868050
16422770
19822967
12750916
15825568
19580924
16688011
12066652
13503506
19674645
19356398
19023834
13724830
2095683
4453356
9684366
15071881
7901635
16368411
17376781
8727770
10261821
2935804
334265
4687536
1590214
19907734
5230193
19279519
7823396
16690724
3636647
13664306
17666772
15481011
13747960
17711626
6399641
17682837
14723166
1289826
4661278
10959750
16780293
14332083
553903
16765102
15638918
20066196
15493178
14008714
4196118
925730
19072468
16294218
18826690
11891948
2283929
9952
2082670
3498038
9292889
7068895
828796
8113042
16583928
10334696
10336586
7219797
3023766
13531291
14171452
1464012
19632617
9277562
14011511
18987857
19205586
2905189
17299540
19138320
5775457
9974660
15035427
12166326
19279325
18043362
6568932
7728473
9749290
17630406
17343911
13511037
2585841
19389284
6280515
18319761
12719437
7427830
18070126
17207074
9428539
17114615
7483211
19455666
7684880
18629531
12224925
3334361
4915341
18270854
13100152
8865815
1081932
19395358
5910736
2537949
4841636
8291885
15273697
16662279
10013704
4243031
11786710
18872076
2633701
31659
4267033
1210798
9410416
130213
2933795
17302622
15994575
19524173
14057660
3830885
8964008
16571198
8710068
15391855
8268716
13052147
14174969
16837459
11590317
5465675
13983162
16970093
20120439
15363717
14298436
2641978
66741
9147526
9588196
18208184
17303477
17808825
5577330
815341
11688784
11971580
12231027
9764969
16072214
10385965
8272444
18023876
59978
7196270
4358227
5120215
7427474
13554893
14869642
13876809
14608903
13163961
13657351
1785404
19901675
13815906
11415549
5501566
1440363
10011254
14339260
8519400
781397
11850334
8122876
3652659
7007537
16567425
15799005
2272120
9793676
5115206
5285113
4809056
8351668
19536546
17523771
17563274
7491427
19287983
3650546
14443971
4882978
9048538
10887105
18692619
16634534
14242538
19516647
16129392
17337144
17222386
17638951
9169577
6244802
14008387
19206478
7165845
671022
20106210
7307540
2410200
8006162
15606436
4658579
10688178
18270305
5866493
15177978
19306466
6196999
6356000
18918157
12600357
3519934
993962
3831574
18188738
13452799
8902975
8593228
17913557
1156499
8480618
7930871
10065056
2572496
19596021
2209460
19636298
11278867
13060260
6322122
6221877
9274039
12436590
12810872
1515678
17925009
3713093
15482081
14056819
18848500
4648955
10666247
9372774
13913633
16993845
15737376
19802173
9936982
7294234
17029292
16426559
14070737
13273903
15230381
4392596
16106337
19734971
18905117
6747685
19684920
4297484
11417115
14451853
3653414
19102380
12202204
7538563
898669
3403629
1927172
12346092
11185300
18459143
15868993
20019627
7443885
2407081
18828846
9913972
15911059
19793242
4973518
14135904
7342237
15985557
259807
16387807
7965539
11565249
385824
2092588
18764990
9945515
17374980
19809248
3601760
14486063
1421948
2837545
385190
7093540
14339989
19111480
4186574
9675349
19597820
2002152
11221362
17171691
14938188
4916223
17775321
16097473
15634386
1549055
17725640
10833173
17256672
3146445
801583
18719335
16835563
15956162
12362671
514384
3170674
19203173
5332708
19582468
2929229
19047147
3148843
7619082
3607128
18025591
19379323
16001494
4129909
53630
12995130
12449644
3584737
15423552
599179
17021679
18237450
14329705
19322416
2480309
14175609
784444
2516294
173891
11659242
1218003
819419
13947337
9934267
16436540
2156642
2064588
729203
18925958
2863091
14320351
10329370
16244963
12928495
18481549
15247415
10209754
16091589
12393155
1109092
13490410
9541094
6374540
13739829
11323526
11702950
14223882
11387473
6256803
17487361
18332922
14972924
6953342
16577223
9265900
14627842
19882406
235515
17804376
12937542
4765123
18496882
19488870
3790350
12871016
6320845
17462665
3456576
7921931
9607485
19511931
12018189
10787823
2087663
12795290
15057697
11695044
9356066
14045903
15936954
3782016
1924496
614987
12949937
18392705
18955332
10826269
6200415
18456600
15893734
18403206
3414607
4311648
7504468
16145967
8502682
4369333
1377297
9367707
16539736
1876314
14289944
13329869
104027
289494
15223519
4032160
4567518
18927866
5711804
12006281
5105768
5851174
6611614
18568171
13366937
8947607
7180335
11689394
14978010
17529489
40899
12300734
4677439
11195250
3497862
13612319
16068530
9615727
11453338
15926847
2000576
13930209